0 0 0 0
0 1 1 0
1 0 1 0
1 1 0 0
0 2.1 3.5 0
0 3.5 4.0 0
0 3 5 0
0 0.1 0.112 0
0 0.96 0.33 0
0 5.5 3.2 0
12 0 1.22 0
5.3 0 1.15 0
3.3 0 1.22 0
7 0 3 0
51 2 0 0
2.3 6.9 0 0
5 6 0 0
51 1.36 0 0
21 63 0 0
15.2 63.2 0 0
0 233 2 0
0 5.4 6.8 0
12.2 0 16.3 0
9.2 0 4.2 0
5.3 6.4 0 0
0 0 0 0
0 0 0 0
0 1 1 0
1 0 1 0
1 1 0 0
0 2.1 3.5 0
0 3.5 4.0 0
0 3 5 0
0 0.1 0.112 0
0 0.96 0.33 0
0 5.5 3.2 0
12 0 1.22 0
5.3 0 1.15 0
3.3 0 1.22 0
7 0 3 0
51 2 0 0
2.3 6.9 0 0
5 6 0 0
51 1.36 0 0
21 63 0 0
15.2 63.2 0 0
0 233 2 0
0 5.4 6.8 0
12.2 0 16.3 0
0.12 0 1.2 0
0 0 1 1
0 1 0 1
1 0 0 1
1 1 1 1
0 0 5.2 1
0 0 0.23 1
0 0 5 1
0 0 152 1
0 0 3.15 1
0 0 17 1
0 0 13.2 1
0 0 14.52 1
0 12 0 1
0 63 0 1
0 5.2 0 1
0 47.2 0 1
0 32 0 1
0 8 0 1
0 3.2 0 1
2 0 0 1
5.1 0 0 1
12 52 2 1
63 3 6 1
2.1 25 3.52 1
5.3 5.1 1.2 1
